[1.jpg]
filters=finetune2=1,0.000000,0.000000,0.000000,00000000,-0.005848;PicnikTint=1,0.000000,0080cfff;Lomo=1,0.000000,13.450292;
moddate=3898f36f8bc7d401
width=1024
height=576
textactive=0
